-8.000000
0.187177
-7.987879
0.187454
-7.975758
0.187733
-7.963636
0.188012
-7.951515
0.188292
-7.939394
0.188572
-7.927273
0.188854
-7.915152
0.189136
-7.903030
0.189419
-7.890909
0.189703
-7.878788
0.189988
-7.866667
0.190274
-7.854545
0.190561
-7.842424
0.190848
-7.830303
0.191136
-7.818182
0.191425
-7.806061
0.191715
-7.793939
0.192006
-7.781818
0.192298
-7.769697
0.192591
-7.757576
0.192884
-7.745455
0.193179
-7.733333
0.193474
-7.721212
0.193770
-7.709091
0.194067
-7.696970
0.194365
-7.684848
0.194664
-7.672727
0.194964
-7.660606
0.195265
-7.648485
0.195566
-7.636364
0.195869
-7.624242
0.196172
-7.612121
0.196477
-7.600000
0.196782
-7.587879
0.197088
-7.575758
0.197396
-7.563636
0.197704
-7.551515
0.198013
-7.539394
0.198323
-7.527273
0.198634
-7.515152
0.198946
-7.503030
0.199259
-7.490909
0.199573
-7.478788
0.199888
-7.466667
0.200204
-7.454545
0.200521
-7.442424
0.200838
-7.430303
0.201157
-7.418182
0.201477
-7.406061
0.201798
-7.393939
0.202120
-7.381818
0.202443
-7.369697
0.202767
-7.357576
0.203092
-7.345455
0.203418
-7.333333
0.203745
-7.321212
0.204073
-7.309091
0.204402
-7.296970
0.204732
-7.284848
0.205063
-7.272727
0.205395
-7.260606
0.205729
-7.248485
0.206063
-7.236364
0.206399
-7.224242
0.206735
-7.212121
0.207073
-7.200000
0.207411
-7.187879
0.207751
-7.175758
0.208092
-7.163636
0.208434
-7.151515
0.208777
-7.139394
0.209121
-7.127273
0.209467
-7.115152
0.209813
-7.103030
0.210161
-7.090909
0.210510
-7.078788
0.210859
-7.066667
0.211210
-7.054545
0.211563
-7.042424
0.211916
-7.030303
0.212270
-7.018182
0.212626
-7.006061
0.212983
-6.993939
0.213341
-6.981818
0.213700
-6.969697
0.214061
-6.957576
0.214422
-6.945455
0.214785
-6.933333
0.215149
-6.921212
0.215514
-6.909091
0.215881
-6.896970
0.216249
-6.884848
0.216617
-6.872727
0.216988
-6.860606
0.217359
-6.848485
0.217732
-6.836364
0.218106
-6.824242
0.218481
-6.812121
0.218857
-6.800000
0.219235
-6.787879
0.219614
-6.775758
0.219994
-6.763636
0.220376
-6.751515
0.220759
-6.739394
0.221143
-6.727273
0.221529
-6.715152
0.221916
-6.703030
0.222304
-6.690909
0.222693
-6.678788
0.223084
-6.666667
0.223477
-6.654545
0.223870
-6.642424
0.224265
-6.630303
0.224662
-6.618182
0.225059
-6.606061
0.225458
-6.593939
0.225859
-6.581818
0.226261
-6.569697
0.226664
-6.557576
0.227069
-6.545455
0.227475
-6.533333
0.227883
-6.521212
0.228292
-6.509091
0.228702
-6.496970
0.229114
-6.484848
0.229527
-6.472727
0.229942
-6.460606
0.230359
-6.448485
0.230776
-6.436364
0.231196
-6.424242
0.231616
-6.412121
0.232039
-6.400000
0.232463
-6.387879
0.232888
-6.375758
0.233315
-6.363636
0.233743
-6.351515
0.234173
-6.339394
0.234605
-6.327273
0.235038
-6.315152
0.235472
-6.303030
0.235909
-6.290909
0.236346
-6.278788
0.236786
-6.266667
0.237227
-6.254545
0.237670
-6.242424
0.238114
-6.230303
0.238560
-6.218182
0.239007
-6.206061
0.239456
-6.193939
0.239907
-6.181818
0.240360
-6.169697
0.240814
-6.157576
0.241270
-6.145455
0.241727
-6.133333
0.242187
-6.121212
0.242648
-6.109091
0.243110
-6.096970
0.243575
-6.084848
0.244041
-6.072727
0.244509
-6.060606
0.244979
-6.048485
0.245450
-6.036364
0.245923
-6.024242
0.246398
-6.012121
0.246875
-6.000000
0.247354
-5.987879
0.247834
-5.975758
0.248317
-5.963636
0.248801
-5.951515
0.249287
-5.939394
0.249775
-5.927273
0.250265
-5.915152
0.250756
-5.903030
0.251250
-5.890909
0.251745
-5.878788
0.252242
-5.866667
0.252742
-5.854545
0.253243
-5.842424
0.253746
-5.830303
0.254251
-5.818182
0.254758
-5.806061
0.255267
-5.793939
0.255778
-5.781818
0.256292
-5.769697
0.256807
-5.757576
0.257324
-5.745455
0.257843
-5.733333
0.258364
-5.721212
0.258887
-5.709091
0.259413
-5.696970
0.259940
-5.684848
0.260470
-5.672727
0.261001
-5.660606
0.261535
-5.648485
0.262071
-5.636364
0.262609
-5.624242
0.263149
-5.612121
0.263692
-5.600000
0.264236
-5.587879
0.264783
-5.575758
0.265332
-5.563636
0.265883
-5.551515
0.266437
-5.539394
0.266993
-5.527273
0.267550
-5.515152
0.268111
-5.503030
0.268673
-5.490909
0.269238
-5.478788
0.269805
-5.466667
0.270375
-5.454545
0.270947
-5.442424
0.271521
-5.430303
0.272098
-5.418182
0.272677
-5.406061
0.273258
-5.393939
0.273842
-5.381818
0.274428
-5.369697
0.275017
-5.357576
0.275608
-5.345455
0.276202
-5.333333
0.276798
-5.321212
0.277397
-5.309091
0.277998
-5.296970
0.278602
-5.284848
0.279208
-5.272727
0.279817
-5.260606
0.280429
-5.248485
0.281043
-5.236364
0.281659
-5.224242
0.282279
-5.212121
0.282901
-5.200000
0.283526
-5.187879
0.284153
-5.175758
0.284783
-5.163636
0.285416
-5.151515
0.286051
-5.139394
0.286690
-5.127273
0.287331
-5.115152
0.287975
-5.103030
0.288621
-5.090909
0.289271
-5.078788
0.289923
-5.066667
0.290579
-5.054545
0.291237
-5.042424
0.291898
-5.030303
0.292562
-5.018182
0.293229
-5.006061
0.293899
-4.993939
0.294571
-4.981818
0.295247
-4.969697
0.295926
-4.957576
0.296608
-4.945455
0.297293
-4.933333
0.297981
-4.921212
0.298672
-4.909091
0.299366
-4.896970
0.300064
-4.884848
0.300764
-4.872727
0.301468
-4.860606
0.302175
-4.848485
0.302885
-4.836364
0.303598
-4.824242
0.304315
-4.812121
0.305035
-4.800000
0.305758
-4.787879
0.306485
-4.775758
0.307214
-4.763636
0.307948
-4.751515
0.308684
-4.739394
0.309425
-4.727273
0.310168
-4.715152
0.310915
-4.703030
0.311666
-4.690909
0.312420
-4.678788
0.313177
-4.666667
0.313938
-4.654545
0.314703
-4.642424
0.315471
-4.630303
0.316243
-4.618182
0.317019
-4.606061
0.317798
-4.593939
0.318581
-4.581818
0.319368
-4.569697
0.320158
-4.557576
0.320952
-4.545455
0.321751
-4.533333
0.322552
-4.521212
0.323358
-4.509091
0.324168
-4.496970
0.324982
-4.484848
0.325799
-4.472727
0.326621
-4.460606
0.327446
-4.448485
0.328276
-4.436364
0.329109
-4.424242
0.329947
-4.412121
0.330789
-4.400000
0.331635
-4.387879
0.332485
-4.375758
0.333339
-4.363636
0.334198
-4.351515
0.335061
-4.339394
0.335928
-4.327273
0.336800
-4.315152
0.337675
-4.303030
0.338556
-4.290909
0.339440
-4.278788
0.340329
-4.266667
0.341223
-4.254545
0.342121
-4.242424
0.343024
-4.230303
0.343931
-4.218182
0.344843
-4.206061
0.345760
-4.193939
0.346681
-4.181818
0.347607
-4.169697
0.348538
-4.157576
0.349473
-4.145455
0.350413
-4.133333
0.351359
-4.121212
0.352309
-4.109091
0.353264
-4.096970
0.354224
-4.084848
0.355189
-4.072727
0.356159
-4.060606
0.357134
-4.048485
0.358114
-4.036364
0.359100
-4.024242
0.360090
-4.012121
0.361086
-4.000000
0.362087
-3.987879
0.363094
-3.975758
0.364106
-3.963636
0.365123
-3.951515
0.366146
-3.939394
0.367174
-3.927273
0.368208
-3.915152
0.369247
-3.903030
0.370292
-3.890909
0.371342
-3.878788
0.372398
-3.866667
0.373460
-3.854545
0.374528
-3.842424
0.375602
-3.830303
0.376681
-3.818182
0.377767
-3.806061
0.378858
-3.793939
0.379955
-3.781818
0.381059
-3.769697
0.382168
-3.757576
0.383284
-3.745455
0.384406
-3.733333
0.385534
-3.721212
0.386669
-3.709091
0.387810
-3.696970
0.388957
-3.684848
0.390111
-3.672727
0.391271
-3.660606
0.392438
-3.648485
0.393611
-3.636364
0.394791
-3.624242
0.395978
-3.612121
0.397171
-3.600000
0.398372
-3.587879
0.399579
-3.575758
0.400793
-3.563636
0.402015
-3.551515
0.403243
-3.539394
0.404478
-3.527273
0.405721
-3.515152
0.406971
-3.503030
0.408228
-3.490909
0.409492
-3.478788
0.410764
-3.466667
0.412044
-3.454545
0.413330
-3.442424
0.414625
-3.430303
0.415927
-3.418182
0.417237
-3.406061
0.418554
-3.393939
0.419880
-3.381818
0.421213
-3.369697
0.422555
-3.357576
0.423904
-3.345455
0.425262
-3.333333
0.426627
-3.321212
0.428001
-3.309091
0.429384
-3.296970
0.430775
-3.284848
0.432174
-3.272727
0.433581
-3.260606
0.434998
-3.248485
0.436423
-3.236364
0.437857
-3.224242
0.439299
-3.212121
0.440751
-3.200000
0.442211
-3.187879
0.443681
-3.175758
0.445160
-3.163636
0.446648
-3.151515
0.448145
-3.139394
0.449652
-3.127273
0.451168
-3.115152
0.452693
-3.103030
0.454229
-3.090909
0.455774
-3.078788
0.457329
-3.066667
0.458893
-3.054545
0.460468
-3.042424
0.462053
-3.030303
0.463648
-3.018182
0.465253
-3.006061
0.466868
-2.993939
0.468494
-2.981818
0.470130
-2.969697
0.471777
-2.957576
0.473435
-2.945455
0.475104
-2.933333
0.476783
-2.921212
0.478474
-2.909091
0.480175
-2.896970
0.481888
-2.884848
0.483612
-2.872727
0.485347
-2.860606
0.487094
-2.848485
0.488852
-2.836364
0.490622
-2.824242
0.492404
-2.812121
0.494198
-2.800000
0.496004
-2.787879
0.497822
-2.775758
0.499653
-2.763636
0.501495
-2.751515
0.503350
-2.739394
0.505218
-2.727273
0.507098
-2.715152
0.508992
-2.703030
0.510898
-2.690909
0.512817
-2.678788
0.514749
-2.666667
0.516695
-2.654545
0.518654
-2.642424
0.520627
-2.630303
0.522613
-2.618182
0.524613
-2.606061
0.526627
-2.593939
0.528655
-2.581818
0.530698
-2.569697
0.532754
-2.557576
0.534825
-2.545455
0.536911
-2.533333
0.539011
-2.521212
0.541126
-2.509091
0.543256
-2.496970
0.545402
-2.484848
0.547562
-2.472727
0.549738
-2.460606
0.551930
-2.448485
0.554137
-2.436364
0.556360
-2.424242
0.558599
-2.412121
0.560855
-2.400000
0.563126
-2.387879
0.565414
-2.375758
0.567719
-2.363636
0.570040
-2.351515
0.572379
-2.339394
0.574734
-2.327273
0.577107
-2.315152
0.579497
-2.303030
0.581905
-2.290909
0.584331
-2.278788
0.586774
-2.266667
0.589236
-2.254545
0.591715
-2.242424
0.594214
-2.230303
0.596731
-2.218182
0.599266
-2.206061
0.601821
-2.193939
0.604395
-2.181818
0.606988
-2.169697
0.609600
-2.157576
0.612233
-2.145455
0.614885
-2.133333
0.617557
-2.121212
0.620249
-2.109091
0.622962
-2.096970
0.625696
-2.084848
0.628450
-2.072727
0.631226
-2.060606
0.634023
-2.048485
0.636841
-2.036364
0.639681
-2.024242
0.642542
-2.012121
0.645426
-2.000000
0.648332
-1.987879
0.651260
-1.975758
0.654211
-1.963636
0.657185
-1.951515
0.660183
-1.939394
0.663203
-1.927273
0.666247
-1.915152
0.669315
-1.903030
0.672406
-1.890909
0.675522
-1.878788
0.678662
-1.866667
0.681827
-1.854545
0.685017
-1.842424
0.688232
-1.830303
0.691472
-1.818182
0.694738
-1.806061
0.698030
-1.793939
0.701348
-1.781818
0.704691
-1.769697
0.708062
-1.757576
0.711459
-1.745455
0.714883
-1.733333
0.718335
-1.721212
0.721814
-1.709091
0.725320
-1.696970
0.728855
-1.684848
0.732417
-1.672727
0.736009
-1.660606
0.739629
-1.648485
0.743277
-1.636364
0.746956
-1.624242
0.750663
-1.612121
0.754400
-1.600000
0.758168
-1.587879
0.761965
-1.575758
0.765793
-1.563636
0.769651
-1.551515
0.773541
-1.539394
0.777462
-1.527273
0.781414
-1.515152
0.785398
-1.503030
0.789414
-1.490909
0.793462
-1.478788
0.797543
-1.466667
0.801657
-1.454545
0.805803
-1.442424
0.809983
-1.430303
0.814197
-1.418182
0.818444
-1.406061
0.822725
-1.393939
0.827041
-1.381818
0.831391
-1.369697
0.835776
-1.357576
0.840196
-1.345455
0.844651
-1.333333
0.849141
-1.321212
0.853668
-1.309091
0.858230
-1.296970
0.862829
-1.284848
0.867464
-1.272727
0.872136
-1.260606
0.876845
-1.248485
0.881592
-1.236364
0.886375
-1.224242
0.891196
-1.212121
0.896055
-1.200000
0.900952
-1.187879
0.905888
-1.175758
0.910862
-1.163636
0.915874
-1.151515
0.920926
-1.139394
0.926016
-1.127273
0.931146
-1.115152
0.936316
-1.103030
0.941525
-1.090909
0.946773
-1.078788
0.952062
-1.066667
0.957391
-1.054545
0.962760
-1.042424
0.968170
-1.030303
0.973620
-1.018182
0.979110
-1.006061
0.984642
-0.993939
0.990215
-0.981818
0.995828
-0.969697
1.001483
-0.957576
1.007179
-0.945455
1.012916
-0.933333
1.018695
-0.921212
1.024515
-0.909091
1.030377
-0.896970
1.036280
-0.884848
1.042225
-0.872727
1.048211
-0.860606
1.054239
-0.848485
1.060308
-0.836364
1.066419
-0.824242
1.072571
-0.812121
1.078765
-0.800000
1.085000
-0.787879
1.091277
-0.775758
1.097595
-0.763636
1.103954
-0.751515
1.110354
-0.739394
1.116795
-0.727273
1.123276
-0.715152
1.129799
-0.703030
1.136361
-0.690909
1.142964
-0.678788
1.149607
-0.666667
1.156289
-0.654545
1.163012
-0.642424
1.169773
-0.630303
1.176573
-0.618182
1.183412
-0.606061
1.190290
-0.593939
1.197205
-0.581818
1.204159
-0.569697
1.211149
-0.557576
1.218177
-0.545455
1.225241
-0.533333
1.232341
-0.521212
1.239477
-0.509091
1.246648
-0.496970
1.253853
-0.484848
1.261093
-0.472727
1.268367
-0.460606
1.275674
-0.448485
1.283013
-0.436364
1.290385
-0.424242
1.297788
-0.412121
1.305221
-0.400000
1.312685
-0.387879
1.320179
-0.375758
1.327701
-0.363636
1.335251
-0.351515
1.342829
-0.339394
1.350434
-0.327273
1.358065
-0.315152
1.365720
-0.303030
1.373401
-0.290909
1.381105
-0.278788
1.388832
-0.266667
1.396581
-0.254545
1.404351
-0.242424
1.412141
-0.230303
1.419951
-0.218182
1.427779
-0.206061
1.435626
-0.193939
1.443489
-0.181818
1.451367
-0.169697
1.459261
-0.157576
1.467169
-0.145455
1.475090
-0.133333
1.483022
-0.121212
1.490966
-0.109091
1.498920
-0.096970
1.506883
-0.084848
1.514855
-0.072727
1.522833
-0.060606
1.530818
-0.048485
1.538807
-0.036364
1.546801
-0.024242
1.554798
-0.012121
1.562796
0.000000
1.570796
0.012121
1.578796
0.024242
1.586795
0.036364
1.594792
0.048485
1.602785
0.060606
1.610775
0.072727
1.618760
0.084848
1.626738
0.096970
1.634709
0.109091
1.642672
0.121212
1.650626
0.133333
1.658570
0.145455
1.666503
0.157576
1.674424
0.169697
1.682332
0.181818
1.690225
0.193939
1.698104
0.206061
1.705967
0.218182
1.713813
0.230303
1.721642
0.242424
1.729452
0.254545
1.737242
0.266667
1.745012
0.278788
1.752761
0.290909
1.760488
0.303030
1.768192
0.315152
1.775872
0.327273
1.783528
0.339394
1.791159
0.351515
1.798763
0.363636
1.806341
0.375758
1.813892
0.387879
1.821414
0.400000
1.828907
0.412121
1.836371
0.424242
1.843805
0.436364
1.851208
0.448485
1.858579
0.460606
1.865919
0.472727
1.873226
0.484848
1.880499
0.496970
1.887739
0.509091
1.894945
0.521212
1.902116
0.533333
1.909252
0.545455
1.916352
0.557576
1.923416
0.569697
1.930443
0.581818
1.937434
0.593939
1.944387
0.606061
1.951303
0.618182
1.958180
0.630303
1.965019
0.642424
1.971820
0.654545
1.978581
0.666667
1.985303
0.678788
1.991986
0.690909
1.998629
0.703030
2.005231
0.715152
2.011794
0.727273
2.018316
0.739394
2.024798
0.751515
2.031239
0.763636
2.037639
0.775758
2.043998
0.787879
2.050316
0.800000
2.056592
0.812121
2.062827
0.824242
2.069021
0.836364
2.075174
0.848485
2.081285
0.860606
2.087354
0.872727
2.093382
0.884848
2.099368
0.896970
2.105313
0.909091
2.111216
0.921212
2.117077
0.933333
2.122898
0.945455
2.128676
0.957576
2.134414
0.969697
2.140110
0.981818
2.145764
0.993939
2.151378
1.006061
2.156951
1.018182
2.162482
1.030303
2.167973
1.042424
2.173423
1.054545
2.178833
1.066667
2.184202
1.078788
2.189531
1.090909
2.194819
1.103030
2.200068
1.115152
2.205277
1.127273
2.210446
1.139394
2.215576
1.151515
2.220667
1.163636
2.225718
1.175758
2.230731
1.187879
2.235705
1.200000
2.240640
1.212121
2.245537
1.224242
2.250396
1.236364
2.255218
1.248485
2.260001
1.260606
2.264747
1.272727
2.269456
1.284848
2.274128
1.296970
2.278763
1.309091
2.283362
1.321212
2.287925
1.333333
2.292451
1.345455
2.296942
1.357576
2.301397
1.369697
2.305817
1.381818
2.310202
1.393939
2.314552
1.406061
2.318867
1.418182
2.323149
1.430303
2.327396
1.442424
2.331609
1.454545
2.335789
1.466667
2.339936
1.478788
2.344049
1.490909
2.348130
1.503030
2.352178
1.515152
2.356195
1.527273
2.360179
1.539394
2.364131
1.551515
2.368052
1.563636
2.371941
1.575758
2.375800
1.587879
2.379628
1.600000
2.383425
1.612121
2.387192
1.624242
2.390930
1.636364
2.394637
1.648485
2.398315
1.660606
2.401964
1.672727
2.405584
1.684848
2.409175
1.696970
2.412738
1.709091
2.416273
1.721212
2.419779
1.733333
2.423258
1.745455
2.426709
1.757576
2.430134
1.769697
2.433531
1.781818
2.436901
1.793939
2.440245
1.806061
2.443563
1.818182
2.446854
1.830303
2.450120
1.842424
2.453360
1.854545
2.456575
1.866667
2.459765
1.878788
2.462930
1.890909
2.466070
1.903030
2.469186
1.915152
2.472278
1.927273
2.475346
1.939394
2.478390
1.951515
2.481410
1.963636
2.484407
1.975758
2.487381
1.987879
2.490332
2.000000
2.493261
2.012121
2.496167
2.024242
2.499050
2.036364
2.501912
2.048485
2.504752
2.060606
2.507570
2.072727
2.510367
2.084848
2.513142
2.096970
2.515897
2.109091
2.518630
2.121212
2.521343
2.133333
2.524036
2.145455
2.526708
2.157576
2.529360
2.169697
2.531992
2.181818
2.534605
2.193939
2.537198
2.206061
2.539772
2.218182
2.542326
2.230303
2.544862
2.242424
2.547379
2.254545
2.549877
2.266667
2.552357
2.278788
2.554819
2.290909
2.557262
2.303030
2.559688
2.315152
2.562095
2.327273
2.564486
2.339394
2.566858
2.351515
2.569214
2.363636
2.571552
2.375758
2.573874
2.387879
2.576178
2.400000
2.578466
2.412121
2.580738
2.424242
2.582993
2.436364
2.585232
2.448485
2.587456
2.460606
2.589663
2.472727
2.591854
2.484848
2.594030
2.496970
2.596191
2.509091
2.598336
2.521212
2.600466
2.533333
2.602582
2.545455
2.604682
2.557576
2.606768
2.569697
2.608839
2.581818
2.610895
2.593939
2.612937
2.606061
2.614965
2.618182
2.616979
2.630303
2.618980
2.642424
2.620966
2.654545
2.622938
2.666667
2.624898
2.678788
2.626843
2.690909
2.628776
2.703030
2.630695
2.715152
2.632601
2.727273
2.634494
2.739394
2.636375
2.751515
2.638242
2.763636
2.640097
2.775758
2.641940
2.787879
2.643770
2.800000
2.645588
2.812121
2.647394
2.824242
2.649188
2.836364
2.650970
2.848485
2.652740
2.860606
2.654499
2.872727
2.656246
2.884848
2.657981
2.896970
2.659705
2.909091
2.661418
2.921212
2.663119
2.933333
2.664810
2.945455
2.666489
2.957576
2.668157
2.969697
2.669815
2.981818
2.671462
2.993939
2.673099
3.006061
2.674724
3.018182
2.676340
3.030303
2.677945
3.042424
2.679540
3.054545
2.681125
3.066667
2.682699
3.078788
2.684264
3.090909
2.685819
3.103030
2.687364
3.115152
2.688899
3.127273
2.690425
3.139394
2.691941
3.151515
2.693448
3.163636
2.694945
3.175758
2.696433
3.187879
2.697912
3.200000
2.699381
3.212121
2.700842
3.224242
2.702293
3.236364
2.703736
3.248485
2.705170
3.260606
2.706595
3.272727
2.708011
3.284848
2.709419
3.296970
2.710818
3.309091
2.712209
3.321212
2.713591
3.333333
2.714965
3.345455
2.716331
3.357576
2.717688
3.369697
2.719038
3.381818
2.720379
3.393939
2.721713
3.406061
2.723038
3.418182
2.724356
3.430303
2.725666
3.442424
2.726968
3.454545
2.728262
3.466667
2.729549
3.478788
2.730828
3.490909
2.732100
3.503030
2.733365
3.515152
2.734622
3.527273
2.735872
3.539394
2.737114
3.551515
2.738350
3.563636
2.739578
3.575758
2.740799
3.587879
2.742013
3.600000
2.743221
3.612121
2.744421
3.624242
2.745615
3.636364
2.746802
3.648485
2.747982
3.660606
2.749155
3.672727
2.750322
3.684848
2.751482
3.696970
2.752636
3.709091
2.753783
3.721212
2.754924
3.733333
2.756058
3.745455
2.757187
3.757576
2.758309
3.769697
2.759424
3.781818
2.760534
3.793939
2.761637
3.806061
2.762735
3.818182
2.763826
3.830303
2.764911
3.842424
2.765991
3.854545
2.767064
3.866667
2.768132
3.878788
2.769194
3.890909
2.770250
3.903030
2.771301
3.915152
2.772346
3.927273
2.773385
3.939394
2.774419
3.951515
2.775447
3.963636
2.776470
3.975758
2.777487
3.987879
2.778499
4.000000
2.779505
4.012121
2.780506
4.024242
2.781502
4.036364
2.782493
4.048485
2.783478
4.060606
2.784459
4.072727
2.785434
4.084848
2.786404
4.096970
2.787369
4.109091
2.788329
4.121212
2.789284
4.133333
2.790234
4.145455
2.791179
4.157576
2.792120
4.169697
2.793055
4.181818
2.793986
4.193939
2.794912
4.206061
2.795833
4.218182
2.796750
4.230303
2.797661
4.242424
2.798569
4.254545
2.799471
4.266667
2.800370
4.278788
2.801263
4.290909
2.802152
4.303030
2.803037
4.315152
2.803917
4.327273
2.804793
4.339394
2.805665
4.351515
2.806532
4.363636
2.807395
4.375758
2.808253
4.387879
2.809108
4.400000
2.809958
4.412121
2.810804
4.424242
2.811646
4.436364
2.812483
4.448485
2.813317
4.460606
2.814146
4.472727
2.814972
4.484848
2.815794
4.496970
2.816611
4.509091
2.817425
4.521212
2.818234
4.533333
2.819040
4.545455
2.819842
4.557576
2.820640
4.569697
2.821434
4.581818
2.822225
4.593939
2.823012
4.606061
2.823795
4.618182
2.824574
4.630303
2.825350
4.642424
2.826121
4.654545
2.826890
4.666667
2.827654
4.678788
2.828416
4.690909
2.829173
4.703030
2.829927
4.715152
2.830678
4.727273
2.831425
4.739394
2.832168
4.751515
2.832908
4.763636
2.833645
4.775758
2.834378
4.787879
2.835108
4.800000
2.835835
4.812121
2.836558
4.824242
2.837278
4.836364
2.837994
4.848485
2.838708
4.860606
2.839418
4.872727
2.840125
4.884848
2.840829
4.896970
2.841529
4.909091
2.842226
4.921212
2.842921
4.933333
2.843612
4.945455
2.844300
4.957576
2.844985
4.969697
2.845667
4.981818
2.846345
4.993939
2.847021
5.006061
2.847694
5.018182
2.848364
5.030303
2.849031
5.042424
2.849695
5.054545
2.850356
5.066667
2.851014
5.078788
2.851669
5.090909
2.852322
5.103030
2.852971
5.115152
2.853618
5.127273
2.854262
5.139394
2.854903
5.151515
2.855541
5.163636
2.856177
5.175758
2.856810
5.187879
2.857440
5.200000
2.858067
5.212121
2.858692
5.224242
2.859314
5.236364
2.859933
5.248485
2.860550
5.260606
2.861164
5.272727
2.861776
5.284848
2.862384
5.296970
2.862991
5.309091
2.863595
5.321212
2.864196
5.333333
2.864795
5.345455
2.865391
5.357576
2.865984
5.369697
2.866576
5.381818
2.867164
5.393939
2.867751
5.406061
2.868334
5.418182
2.868916
5.430303
2.869495
5.442424
2.870072
5.454545
2.870646
5.466667
2.871218
5.478788
2.871787
5.490909
2.872354
5.503030
2.872919
5.515152
2.873482
5.527273
2.874042
5.539394
2.874600
5.551515
2.875156
5.563636
2.875709
5.575758
2.876261
5.587879
2.876810
5.600000
2.877356
5.612121
2.877901
5.624242
2.878443
5.636364
2.878984
5.648485
2.879522
5.660606
2.880058
5.672727
2.880591
5.684848
2.881123
5.696970
2.881653
5.709091
2.882180
5.721212
2.882705
5.733333
2.883229
5.745455
2.883750
5.757576
2.884269
5.769697
2.884786
5.781818
2.885301
5.793939
2.885814
5.806061
2.886325
5.818182
2.886834
5.830303
2.887341
5.842424
2.887847
5.854545
2.888350
5.866667
2.888851
5.878788
2.889350
5.890909
2.889848
5.903030
2.890343
5.915152
2.890837
5.927273
2.891328
5.939394
2.891818
5.951515
2.892306
5.963636
2.892792
5.975758
2.893276
5.987879
2.893758
6.000000
2.894239
6.012121
2.894717
6.024242
2.895194
6.036364
2.895669
6.048485
2.896143
6.060606
2.896614
6.072727
2.897084
6.084848
2.897552
6.096970
2.898018
6.109091
2.898482
6.121212
2.898945
6.133333
2.899406
6.145455
2.899865
6.157576
2.900323
6.169697
2.900779
6.181818
2.901233
6.193939
2.901685
6.206061
2.902136
6.218182
2.902585
6.230303
2.903033
6.242424
2.903479
6.254545
2.903923
6.266667
2.904366
6.278788
2.904807
6.290909
2.905246
6.303030
2.905684
6.315152
2.906120
6.327273
2.906555
6.339394
2.906988
6.351515
2.907420
6.363636
2.907849
6.375758
2.908278
6.387879
2.908705
6.400000
2.909130
6.412121
2.909554
6.424242
2.909976
6.436364
2.910397
6.448485
2.910816
6.460606
2.911234
6.472727
2.911650
6.484848
2.912065
6.496970
2.912479
6.509091
2.912891
6.521212
2.913301
6.533333
2.913710
6.545455
2.914118
6.557576
2.914524
6.569697
2.914929
6.581818
2.915332
6.593939
2.915734
6.606061
2.916134
6.618182
2.916533
6.630303
2.916931
6.642424
2.917327
6.654545
2.917722
6.666667
2.918116
6.678788
2.918508
6.690909
2.918899
6.703030
2.919289
6.715152
2.919677
6.727273
2.920064
6.739394
2.920449
6.751515
2.920834
6.763636
2.921217
6.775758
2.921598
6.787879
2.921979
6.800000
2.922358
6.812121
2.922735
6.824242
2.923112
6.836364
2.923487
6.848485
2.923861
6.860606
2.924234
6.872727
2.924605
6.884848
2.924975
6.896970
2.925344
6.909091
2.925712
6.921212
2.926078
6.933333
2.926444
6.945455
2.926808
6.957576
2.927170
6.969697
2.927532
6.981818
2.927892
6.993939
2.928252
7.006061
2.928610
7.018182
2.928966
7.030303
2.929322
7.042424
2.929677
7.054545
2.930030
7.066667
2.930382
7.078788
2.930733
7.090909
2.931083
7.103030
2.931432
7.115152
2.931779
7.127273
2.932126
7.139394
2.932471
7.151515
2.932815
7.163636
2.933159
7.175758
2.933501
7.187879
2.933841
7.200000
2.934181
7.212121
2.934520
7.224242
2.934858
7.236364
2.935194
7.248485
2.935530
7.260606
2.935864
7.272727
2.936197
7.284848
2.936530
7.296970
2.936861
7.309091
2.937191
7.321212
2.937520
7.333333
2.937848
7.345455
2.938175
7.357576
2.938501
7.369697
2.938826
7.381818
2.939150
7.393939
2.939473
7.406061
2.939795
7.418182
2.940115
7.430303
2.940435
7.442424
2.940754
7.454545
2.941072
7.466667
2.941389
7.478788
2.941705
7.490909
2.942020
7.503030
2.942334
7.515152
2.942647
7.527273
2.942959
7.539394
2.943270
7.551515
2.943580
7.563636
2.943889
7.575758
2.944197
7.587879
2.944504
7.600000
2.944811
7.612121
2.945116
7.624242
2.945420
7.636364
2.945724
7.648485
2.946026
7.660606
2.946328
7.672727
2.946629
7.684848
2.946929
7.696970
2.947227
7.709091
2.947525
7.721212
2.947822
7.733333
2.948119
7.745455
2.948414
7.757576
2.948708
7.769697
2.949002
7.781818
2.949295
7.793939
2.949586
7.806061
2.949877
7.818182
2.950167
7.830303
2.950456
7.842424
2.950745
7.854545
2.951032
7.866667
2.951319
7.878788
2.951604
7.890909
2.951889
7.903030
2.952173
7.915152
2.952457
7.927273
2.952739
7.939394
2.953020
7.951515
2.953301
7.963636
2.953581
7.975758
2.953860
7.987879
2.954138
